              precision    recall  f1-score   support

           1       0.99      0.99      0.99       150
           2       1.00      1.00      1.00       150
           3       0.95      0.97      0.96       150
           4       0.95      0.93      0.94       150
           5       0.97      0.99      0.98       150
           6       0.97      0.95      0.96       150
           7       0.99      0.97      0.98       150
           8       0.95      0.99      0.97       150
           9       0.98      0.97      0.98       150
          10       0.90      0.97      0.93       150
          11       0.99      0.97      0.98       150
          12       0.97      0.99      0.98       150
          13       0.93      0.95      0.94       150
          14       0.97      0.95      0.96       150
          15       0.95      0.93      0.94       150
          16       0.97      0.97      0.97       150
          17       0.99      0.95      0.97       150
          18       0.96      0.96      0.96       150
          19       0.99      0.97      0.98       150
          20       0.97      0.99      0.98       150
          21       0.99      0.99      0.99       150
          22       0.99      0.97      0.98       150
          23       0.93      0.95      0.94       150
          24       0.94      0.88      0.91       150
          25       0.94      0.98      0.96       150
          26       0.91      0.92      0.91       150
          27       0.99      0.90      0.94       150
          28       0.97      0.96      0.97       150
          29       0.97      0.99      0.98       150
          30       0.99      0.92      0.96       150
          31       0.93      0.91      0.92       150
          32       0.92      0.96      0.94       150
          33       0.97      0.95      0.96       150
          34       0.96      0.97      0.97       150
          35       0.97      0.94      0.96       150
          36       0.86      0.92      0.89       150
          37       0.92      0.94      0.93       150
          38       0.99      0.99      0.99       150
          39       1.00      0.97      0.99       150
          40       0.94      0.95      0.94       150
          41       0.95      0.98      0.97       150
          42       0.96      0.91      0.94       150
          43       0.95      0.95      0.95       150
          44       0.99      0.99      0.99       150
          45       0.98      0.96      0.97       150
          46       0.97      0.99      0.98       150
          47       0.99      0.99      0.99       150
          48       0.97      0.99      0.98       150
          49       0.99      0.97      0.98       150
          50       0.99      1.00      0.99       150
          51       0.99      0.98      0.98       150
          52       0.99      0.99      0.99       150
          53       0.96      0.98      0.97       150
          54       0.93      1.00      0.96       150
          55       0.99      0.99      0.99       150
          56       0.96      0.99      0.97       150
          57       0.91      0.98      0.95       150
          58       0.97      0.99      0.98       150
          59       0.97      0.99      0.98       150
          60       0.96      0.97      0.97       150
          61       0.66      0.87      0.75       150
          62       0.99      0.97      0.98       150
          63       0.94      0.95      0.94       150
          64       0.87      0.91      0.89       150
          65       0.88      0.87      0.88       150
          66       0.98      0.93      0.95       150
          67       0.96      0.95      0.96       150
          68       0.99      0.99      0.99       150
          69       0.99      0.94      0.96       150
          70       0.97      0.99      0.98       150
          71       0.82      0.78      0.80       150
          72       0.90      0.65      0.76       150
          73       0.97      0.94      0.96       150
          74       0.95      0.96      0.96       150
          75       0.97      0.90      0.93       150
          76       0.99      0.97      0.98       150
          77       0.98      0.94      0.96       150
          78       0.96      0.93      0.94       150
          79       0.99      0.95      0.97       150
          80       0.84      0.85      0.84       150
          81       0.98      0.99      0.98       150
          82       0.97      0.97      0.97       150
          83       0.86      0.96      0.91       150
          84       0.98      0.95      0.97       150

    accuracy                           0.95     12600
   macro avg       0.95      0.95      0.95     12600
weighted avg       0.95      0.95      0.95     12600
